XYZ axis


 16  3  0  0  0  0  0  0  0  0999 V2000
    0.0       0.0       0.0    C   0  0  0  0  0
    1.0       0.0       0.0    O   0  0  0  0  0
    0.75      0.0       0.0    O   0  0  0  0  0
    0.5       0.0       0.0    O   0  0  0  0  0
    0.25      0.0       0.0    O   0  0  0  0  0
    0.0       1.0       0.0    Ca  0  0  0  0  0
    0.0       0.75      0.0    Ca  0  0  0  0  0
    0.0       0.5       0.0    Ca  0  0  0  0  0
    0.0       0.25      0.0    Ca  0  0  0  0  0
    0.0       0.0       1.0    N   0  0  0  0  0
    0.0       0.0       0.75   N   0  0  0  0  0
    0.0       0.0       0.5    N   0  0  0  0  0
    0.0       0.0       0.25   N   0  0  0  0  0
   -1.0       0.0       0.0    C   0  0  0  0  0
    0.0      -1.0       0.0    C   0  0  0  0  0
    0.0       0.0      -1.0    C   0  0  0  0  0
  1  2  1  0  0  0
  1  6  1  0  0  0
  1 10  1  0  0  0
M  END
